638797744949064819
479644812148634879
7824658932985519289
1114176783229056730
7492662406186930898
6883831998077685098
7660084953754678497
2205924577397758095
9149284136513935815
1297809056785830412
844998277604079159
3943242005643933835
3839554529303667718
8529608255638222037
2373069943477564210
7292078324335231199
4425316396427691594
4131786566146152398
2500324431836030563
2593390112003720209
3829130496844631257
3203653873902243410
8454043862635064937
8644775923381269659
3768816189102691814
4946368031748469634
3154932220933067429
8638701633055317366
8421355552188440358
7414992664163647769
4212747794983571637
1241192585294772705
81609176360859042
8403843029939538365
2778723349182018513
549621978700049342
6191022174264062500
3076290911382968365
3507705208600180692
6846046712381904465
8699835559655478535
1232251691412484338
5827661649221682095
2654143167357751392
3538193447538185741
6033210148244351690
4799853860437206381
304563163426629215
4344395341769019745
5080476893912845325
4184556158560538124
8988136447255513530
5790767180962113688
8714662094431358469
1405620771030241611
1940449020204005402
13013081564749551
126853260404766756
8983734657344771923
3525535340675326576
